0.016856813778
0.016856813778
0.016856813778
0.016856813778
0.016856813778
0.016856813778
0.016856813778
0.016856813778
0.016856813778
0.016856813778
0.016856813778
0.016856813778
0.016856813778
0.016856813778
0.016856813778
0.016856813778
0.016856813778
0.016856813778
0.016856813778
0.016856813778
0.016856813778
0.016856813778
0.016856813778
0.016856813778
0.016856813778
0.016856813778
0.016856813778
0.016856813778
0.016856813778
0.016856813778
0.016856813778
0.016856813778
0.016856813778
0.016856813778
0.016856813778
0.016856813778
0.016856813778
0.016856813778
0.016856813778
0.016856813778
0.016856813778
0.016856813778
0.016856813778
0.016856813778
0.016856813778
0.016856813778
0.016856813778
0.016856813778
0.016856813778
0.016856813778
0.016856813778
0.016856813778
0.016856813778
0.016856813778
0.016856813778
0.016856813778
0.016856813778
0.016856813778
0.016856813778
0.016856813778
-0.010000000000
-0.010000000000
-0.010000000000
-0.010000000000
-0.010000000000
-0.010000000000
-0.010000000000
-0.010000000000
-0.010000000000
-0.010000000000
-0.010000000000
-0.010000000000
-0.010000000000
-0.010000000000
-0.010000000000
-0.010000000000
-0.010000000000
-0.010000000000
-0.010000000000
-0.010000000000
-0.010000000000
-0.010000000000
-0.010000000000
-0.010000000000
-0.010000000000
-0.010000000000
-0.010000000000
-0.010000000000
-0.010000000000
-0.010000000000
-0.010000000000
-0.010000000000
-0.010000000000
-0.010000000000
-0.010000000000
-0.010000000000
-0.010000000000
-0.010000000000
-0.010000000000
-0.010000000000
