0.167010
0.483621
0.483092
0.482308
0.504189
0.313519
0.941245
0.502020
0.703977
0.950126
0.000363
0.594233
0.641516
0.905981
0.422797
0.207922
0.735329
0.981611
0.706293
0.718378
0.120793
0.170931
0.788558
0.486854
0.671439
0.081344
0.936195
0.538926
0.664088
0.303694
0.381491
0.831098
0.787315
0.864584
0.313406
0.291504
0.178103
0.254651
0.793525
0.882080
0.204778
0.793887
0.476313
0.846294
0.699869
0.899109
0.054215
0.435197
0.880720
0.760508
0.153576
0.001514
0.931439
0.942134
0.488367
0.602877
0.023477
0.424562
0.141804
0.687565
0.728256
0.523295
0.518663
0.515572
0.387879
0.832070
0.807076
0.565982
0.086721
0.600600
0.448062
0.291498
0.394488
0.924374
0.137792
0.094356
0.823484
0.192007
0.529554
0.704204
0.952515
0.683130
0.705718
0.883954
0.625263
0.194085
0.486831
0.648741
0.618647
0.628635
0.336306
0.346903
0.151930
0.854969
0.862475
0.539809
0.687039
0.669551
0.105791
0.773760
