0.009647
0.009628
0.009598
0.009577
0.009567
0.009546
0.009520
0.009496
0.009473
0.009447
0.009424
0.009404
0.009382
0.009363
0.009345
0.009327
0.009308
0.009292
0.009274
0.009246
0.009228
0.009202
0.009181
0.009153
0.009128
0.009099
0.009074
0.009049
0.009022
0.008989
0.008956
0.008924
0.008894
0.008861
0.008814
0.008770
0.008704
0.008640
0.008574
0.001149
0.000000
-0.013577
-0.013678
-0.013758
-0.013833
-0.013913
-0.014001
-0.014073
-0.014152
-0.014233
-0.014307
-0.014368
-0.014435
-0.014503
-0.014562
-0.014624
-0.014688
-0.014758
-0.014813
-0.014867
-0.014923
-0.014976
-0.015045
-0.015088
-0.015147
-0.015200
-0.015250
-0.015300
-0.015352
-0.015395
-0.015445
-0.015483
-0.015536
-0.015576
-0.015619
-0.015659
-0.015695
-0.015734
-0.015775
-0.015809
-0.015854
-0.015901
-0.015944
-0.015977
-0.016017
-0.016065
-0.016105
-0.016160
-0.016203
-0.016234
-0.016270
-0.016309
-0.016370
-0.016396
-0.016417
-0.016442
-0.016484
-0.016508
-0.016526
-0.016536
